15000 0
1687.54	2151	2.09	6.52	2.83503	0.939145596	2.51	1.34	0.95	5.97	572							
1	120000	450	10	0	0	60000	0	0	0	0	0	0	0	0	0	0	0
2	90000	900	45	0	0	10000	0	0	0	0	0	0	0	0	0	0	0
3	180000	450	20	0	64	60000	0	0	0	0	0	0	0	0	0	0	0
4	90000	450	0	0	0	15000	0	0	0	100	0	0	0	0	0	0	0
5	180000	450	0	6	0	140000	0	0	0	0	6600	5000	0	0	0	0	0
6	90000	450	0	75	0	45000	0	0	0	0	0	0	0	0	0	0	0
0																	
1	0	630	7042	0	0	0	0	1	0	0							
2	60000	360	0	0	600	4620	30000	0	0	0							
3	180000	900	72396	6000	0	0	0	1	0	0							
4	30000	1260	31680	0	0	0	0	0	0	0							
0																	
1																	
0	0	0	0	256	0	0	0										
0																
